615b 6.09579310244
6967 5.58496747867
6d20 5.80811102998
6120 6.09579310244
7228 6.09579310244
6572 5.80811102998
6d70 5.11496384942
6574 5.58496747867
5b3a 5.58496747867
206c 6.09579310244
206d 5.40264592188
206e 6.09579310244
6320 6.09579310244
2e74 6.09579310244
2e73 5.40264592188
0a0a 5.58496747867
3135 6.09579310244
696d 5.40264592188
3132 6.09579310244
0a70 5.24849524205
7474 6.09579310244
6561 6.09579310244
745f 5.11496384942
2069 5.80811102998
2061 6.09579310244
2062 6.09579310244
2063 6.09579310244
2e64 5.58496747867
2e66 6.09579310244
315d 6.09579310244
0a69 6.09579310244
2829 5.80811102998
0a66 6.09579310244
7369 6.09579310244
742e 4.79651011831
6669 5.80811102998
3a2c 5.58496747867
7363 6.09579310244
6268 6.09579310244
2073 6.09579310244
2070 6.09579310244
2074 6.09579310244
645f 6.09579310244
0a6d 5.80811102998
290a 4.89182029811
685f 6.09579310244
6e2e 6.09579310244
6672 5.80811102998
6174 5.24849524205
6172 5.58496747867
6173 5.80811102998
2831 5.80811102998
6270 6.09579310244
7274 5.40264592188
5d2c 5.58496747867
7374 4.70949874132
7420 5.11496384942
736b 6.09579310244
7267 6.09579310244
7429 6.09579310244
7428 6.09579310244
6b6c 6.09579310244
6f6d 5.58496747867
6164 6.09579310244
4341 6.09579310244
2050 6.09579310244
6769 6.09579310244
6765 6.09579310244
6361 5.40264592188
3d20 5.11496384942
7920 6.09579310244
6d6e 4.70949874132
6520 6.09579310244
6528 6.09579310244
6f61 6.09579310244
3529 6.09579310244
7562 6.09579310244
2c20 4.70949874132
726e 6.09579310244
726f 5.80811102998
6f74 5.58496747867
6f72 5.24849524205
305d 6.09579310244
6e69 4.70949874132
7375 6.09579310244
6e65 5.24849524205
5f70 5.80811102998
5f73 6.09579310244
5f74 5.58496747867
7079 6.09579310244
6c74 5.11496384942
2031 6.09579310244
2030 5.80811102998
706f 5.24849524205
7473 5.11496384942
706c 4.62945603364
6c6f 5.24849524205
6974 5.40264592188
6973 4.70949874132
286d 5.58496747867
7320 5.80811102998
5043 6.09579310244
6469 6.09579310244
203d 5.11496384942
5f64 6.09579310244
6461 5.80811102998
7063 5.80811102998
6c65 5.80811102998
736e 5.24849524205
655b 6.09579310244
7461 5.24849524205
7465 6.09579310244
